# name: debug
# type: sparse matrix
# nnz: 36
# rows: 6
# columns: 6

1 1 567.674801362
2 1 -1.758946492
3 1 69.269190469
4 1 -2.164676762
5 1 4.116765109
6 1 0.121894129
1 2 0.351572903
2 2 556.507670544
3 2 2.207399559
4 2 69.911948350
5 2 -0.902495754
6 2 -2.093091501
1 3 -0.661663765
2 3 0.104193020
3 3 552.503126412
4 3 1.028555732
5 3 69.824225254
6 3 0.959592356
1 4 20.588089217
2 4 0.643085834
3 4 -1.258455578
4 4 577.185473059
5 4 -10.240238797
6 4 699.020008630
1 5 -10.223507878
2 5 -0.320644355
3 5 0.603852402
4 5 0.312358177
5 5 556.406251461
6 5 10.820601374
1 6 697.872670499
2 6 22.234641591
3 6 -40.906112454
4 6 -0.634262539
5 6 0.304568679
6 6 535.938259153
