# name: debug
# type: sparse matrix
# nnz: 36
# rows: 6
# columns: 6

1 1 1.36849507
2 1 0.837629652
3 1 0.133037808
4 1 -0.455556191
5 1 0.68171147
6 1 3.4398973
1 2 0.837629652
2 2 1.16845826
3 2 0.171398656
4 2 -0.354813757
5 2 0.538651736
6 2 2.78697446
1 3 0.133037808
2 3 0.171398656
3 3 0.476306935
4 3 -0.211407341
5 3 0.240067279
6 3 0.527758848
1 4 -0.455556191
2 4 -0.354813757
3 4 -0.211407341
4 4 -0.196715094
5 4 -0.140084313
6 4 -0.175545395
1 5 0.68171147
2 5 0.538651736
3 5 0.240067279
4 5 -0.140084313
5 5 0.566423412
6 5 0.20621435
1 6 3.4398973
2 6 2.78697446
3 6 0.527758848
4 6 -0.175545395
5 6 0.20621435
6 6 0.872221938
